      0.00000      0.00000      1.00000
      0.00000  0.000152975     0.999847
      0.00000  0.000611782     0.999388
      0.00000   0.00137618     0.998624
      0.00000   0.00244567     0.997554
      0.00000   0.00381958     0.996180
      0.00000   0.00549713     0.994503
      0.00000   0.00747725     0.992523
      0.00000   0.00975874     0.990241
      0.00000    0.0123402     0.987660
      0.00000    0.0152201     0.984780
      0.00000    0.0183966     0.981604
      0.00000    0.0218677     0.978132
      0.00000    0.0256315     0.974369
      0.00000    0.0296854     0.970315
      0.00000    0.0340272     0.965973
      0.00000    0.0386541     0.961346
      0.00000    0.0435633     0.956437
      0.00000    0.0487518     0.951248
      0.00000    0.0542163     0.945784
      0.00000    0.0599537     0.940046
      0.00000    0.0659603     0.934040
      0.00000    0.0722325     0.927768
      0.00000    0.0787664     0.921234
      0.00000    0.0855581     0.914442
      0.00000    0.0926034     0.907397
      0.00000    0.0998979     0.900102
      0.00000     0.107437     0.892563
      0.00000     0.115217     0.884783
      0.00000     0.123232     0.876768
      0.00000     0.131477     0.868523
      0.00000     0.139948     0.860052
      0.00000     0.148640     0.851360
      0.00000     0.157546     0.842454
      0.00000     0.166662     0.833338
      0.00000     0.175982     0.824018
      0.00000     0.185500     0.814500
      0.00000     0.195211     0.804789
      0.00000     0.205108     0.794892
      0.00000     0.215185     0.784815
      0.00000     0.225437     0.774563
      0.00000     0.235857     0.764143
      0.00000     0.246438     0.753562
      0.00000     0.257175     0.742825
      0.00000     0.268060     0.731940
      0.00000     0.279087     0.720913
      0.00000     0.290249     0.709751
      0.00000     0.301540     0.698460
      0.00000     0.312952     0.687048
      0.00000     0.324478     0.675522
      0.00000     0.336112     0.663888
      0.00000     0.347846     0.652154
      0.00000     0.359673     0.640327
      0.00000     0.371586     0.628414
      0.00000     0.383578     0.616422
      0.00000     0.395641     0.604359
      0.00000     0.407768     0.592232
      0.00000     0.419951     0.580049
      0.00000     0.432183     0.567817
      0.00000     0.444457     0.555543
      0.00000     0.456764     0.543236
      0.00000     0.469099     0.530901
      0.00000     0.481452     0.518548
      0.00000     0.493816     0.506184
      0.00000     0.506184     0.493816
      0.00000     0.518548     0.481452
      0.00000     0.530901     0.469099
      0.00000     0.543236     0.456764
      0.00000     0.555543     0.444457
      0.00000     0.567817     0.432183
      0.00000     0.580049     0.419951
      0.00000     0.592232     0.407768
      0.00000     0.604359     0.395641
      0.00000     0.616422     0.383578
      0.00000     0.628414     0.371586
      0.00000     0.640327     0.359673
      0.00000     0.652154     0.347846
      0.00000     0.663888     0.336112
      0.00000     0.675522     0.324478
      0.00000     0.687048     0.312952
      0.00000     0.698460     0.301540
      0.00000     0.709751     0.290249
      0.00000     0.720913     0.279087
      0.00000     0.731940     0.268060
      0.00000     0.742825     0.257175
      0.00000     0.753562     0.246438
      0.00000     0.764143     0.235857
      0.00000     0.774563     0.225437
      0.00000     0.784815     0.215185
      0.00000     0.794892     0.205108
      0.00000     0.804789     0.195211
      0.00000     0.814500     0.185500
      0.00000     0.824018     0.175982
      0.00000     0.833338     0.166662
      0.00000     0.842454     0.157546
      0.00000     0.851360     0.148640
      0.00000     0.860052     0.139948
      0.00000     0.868523     0.131477
      0.00000     0.876768     0.123232
      0.00000     0.884783     0.115217
      0.00000     0.892563     0.107437
      0.00000     0.900102    0.0998979
      0.00000     0.907397    0.0926034
      0.00000     0.914442    0.0855581
      0.00000     0.921234    0.0787664
      0.00000     0.927768    0.0722325
      0.00000     0.934040    0.0659603
      0.00000     0.940046    0.0599537
      0.00000     0.945784    0.0542163
      0.00000     0.951248    0.0487518
      0.00000     0.956437    0.0435633
      0.00000     0.961346    0.0386541
      0.00000     0.965973    0.0340272
      0.00000     0.970315    0.0296854
      0.00000     0.974369    0.0256315
      0.00000     0.978132    0.0218677
      0.00000     0.981604    0.0183966
      0.00000     0.984780    0.0152201
      0.00000     0.987660    0.0123402
      0.00000     0.990241   0.00975874
      0.00000     0.992523   0.00747725
      0.00000     0.994503   0.00549713
      0.00000     0.996180   0.00381958
      0.00000     0.997554   0.00244567
      0.00000     0.998624   0.00137618
      0.00000     0.999388  0.000611782
      0.00000     0.999847  0.000152975
      0.00000      1.00000      0.00000
      0.00000      1.00000      0.00000
  0.000152975     0.999847      0.00000
  0.000611782     0.999388      0.00000
   0.00137618     0.998624      0.00000
   0.00244567     0.997554      0.00000
   0.00381958     0.996180      0.00000
   0.00549713     0.994503      0.00000
   0.00747725     0.992523      0.00000
   0.00975874     0.990241      0.00000
    0.0123402     0.987660      0.00000
    0.0152201     0.984780      0.00000
    0.0183966     0.981604      0.00000
    0.0218677     0.978132      0.00000
    0.0256315     0.974369      0.00000
    0.0296854     0.970315      0.00000
    0.0340272     0.965973      0.00000
    0.0386541     0.961346      0.00000
    0.0435633     0.956437      0.00000
    0.0487518     0.951248      0.00000
    0.0542163     0.945784      0.00000
    0.0599537     0.940046      0.00000
    0.0659603     0.934040      0.00000
    0.0722325     0.927768      0.00000
    0.0787664     0.921234      0.00000
    0.0855581     0.914442      0.00000
    0.0926034     0.907397      0.00000
    0.0998979     0.900102      0.00000
     0.107437     0.892563      0.00000
     0.115217     0.884783      0.00000
     0.123232     0.876768      0.00000
     0.131477     0.868523      0.00000
     0.139948     0.860052      0.00000
     0.148640     0.851360      0.00000
     0.157546     0.842454      0.00000
     0.166662     0.833338      0.00000
     0.175982     0.824018      0.00000
     0.185500     0.814500      0.00000
     0.195211     0.804789      0.00000
     0.205108     0.794892      0.00000
     0.215185     0.784815      0.00000
     0.225437     0.774563      0.00000
     0.235857     0.764143      0.00000
     0.246438     0.753562      0.00000
     0.257175     0.742825      0.00000
     0.268060     0.731940      0.00000
     0.279087     0.720913      0.00000
     0.290249     0.709751      0.00000
     0.301540     0.698460      0.00000
     0.312952     0.687048      0.00000
     0.324478     0.675522      0.00000
     0.336112     0.663888      0.00000
     0.347846     0.652154      0.00000
     0.359673     0.640327      0.00000
     0.371586     0.628414      0.00000
     0.383578     0.616422      0.00000
     0.395641     0.604359      0.00000
     0.407768     0.592232      0.00000
     0.419951     0.580049      0.00000
     0.432183     0.567817      0.00000
     0.444457     0.555543      0.00000
     0.456764     0.543236      0.00000
     0.469099     0.530901      0.00000
     0.481452     0.518548      0.00000
     0.493816     0.506184      0.00000
     0.506184     0.493816      0.00000
     0.518548     0.481452      0.00000
     0.530901     0.469099      0.00000
     0.543236     0.456764      0.00000
     0.555543     0.444457      0.00000
     0.567817     0.432183      0.00000
     0.580049     0.419951      0.00000
     0.592232     0.407768      0.00000
     0.604359     0.395641      0.00000
     0.616422     0.383578      0.00000
     0.628414     0.371586      0.00000
     0.640327     0.359673      0.00000
     0.652154     0.347846      0.00000
     0.663888     0.336112      0.00000
     0.675522     0.324478      0.00000
     0.687048     0.312952      0.00000
     0.698460     0.301540      0.00000
     0.709751     0.290249      0.00000
     0.720913     0.279087      0.00000
     0.731940     0.268060      0.00000
     0.742825     0.257175      0.00000
     0.753562     0.246438      0.00000
     0.764143     0.235857      0.00000
     0.774563     0.225437      0.00000
     0.784815     0.215185      0.00000
     0.794892     0.205108      0.00000
     0.804789     0.195211      0.00000
     0.814500     0.185500      0.00000
     0.824018     0.175982      0.00000
     0.833338     0.166662      0.00000
     0.842454     0.157546      0.00000
     0.851360     0.148640      0.00000
     0.860052     0.139948      0.00000
     0.868523     0.131477      0.00000
     0.876768     0.123232      0.00000
     0.884783     0.115217      0.00000
     0.892563     0.107437      0.00000
     0.900102    0.0998979      0.00000
     0.907397    0.0926034      0.00000
     0.914442    0.0855581      0.00000
     0.921234    0.0787664      0.00000
     0.927768    0.0722325      0.00000
     0.934040    0.0659603      0.00000
     0.940046    0.0599537      0.00000
     0.945784    0.0542163      0.00000
     0.951248    0.0487518      0.00000
     0.956437    0.0435633      0.00000
     0.961346    0.0386541      0.00000
     0.965973    0.0340272      0.00000
     0.970315    0.0296854      0.00000
     0.974369    0.0256315      0.00000
     0.978132    0.0218677      0.00000
     0.981604    0.0183966      0.00000
     0.984780    0.0152201      0.00000
     0.987660    0.0123402      0.00000
     0.990241   0.00975874      0.00000
     0.992523   0.00747725      0.00000
     0.994503   0.00549713      0.00000
     0.996180   0.00381958      0.00000
     0.997554   0.00244567      0.00000
     0.998624   0.00137618      0.00000
     0.999388  0.000611782      0.00000
     0.999847  0.000152975      0.00000
      1.00000      0.00000      0.00000
